2.2918699999986334e-05	-1.5721800000004238e-05	-0.006413556500000027	-0.0024771745999999954	-0.0008943520000000184	-0.0005113136000000219	-0.0010840428999999978	-0.0001809274000000107	-0.0018985168000000055	-0.0044398776999999895	-0.00031393820000001117	-0.0001934735000000084	-0.00011399480000000241	-0.0006416321000000032	-0.003934548200000022	-5.265060000001344e-05	-0.003146306399999997	-0.0017769857000000137	-0.00011458229999999268	-0.0009932896000000092	-0.000539049800000003	-0.0011684699000000071	-0.0024147372000000136	-0.006699499000000003	-0.00023571889999999542	-4.120270000002263e-05
-8.4082000000236e-05	-0.00023350400000013687	-0.0002139810000001928	-0.00038685600000005517	0.0003758170000000378	-4.3031000000227915e-05	-0.0003866479999999105	-0.00016358400000034135	-0.0006053379999999354	-0.003380240000000218	-0.0005488450000002646	0.007847239999999644	0.0010762169999997033	-0.0011125830000000003	-0.007671531000000048	0.0005348899999996475	0.0019824199999998217	-0.00010258800000034068	0.00011149799999997465	-1.0894000000054652e-05	-0.0001584479999999387	-0.0007609730000003806	-0.0005263370000003218	-0.0022339040000002135	-0.0004318360000003015	-0.00011779699999995858
-7.837000000018336e-05	-0.0002664350000000648	-0.0003282119999999805	8.235299999988059e-05	0.0006006049999999824	0.0001670969999997482	0.00015234299999993851	-4.227599999999214e-05	0.00031579899999981554	-0.0006043130000002363	-0.00025451000000000987	0.005438216999999646	0.0007794449999998622	-0.0005138730000000353	-0.003731480000000232	0.00038582899999971363	0.0025640460000000715	0.0006127329999996598	0.00012025100000012754	0.00037430200000012834	9.886599999992581e-05	-7.107000000007926e-05	0.0005682389999999652	0.0010477200000001642	-0.000204594000000188	-6.468700000021414e-05
-3.819289999998474e-05	-0.00018057899999999202	-0.003686843899999948	-0.0012889103999999942	0.000552967100000062	0.00029686780000005733	0.0006073236000000569	9.396450000004981e-05	0.0010688955000000104	0.002352941900000046	0.00014322200000000925	0.0006999535000000131	0.0001473283000000161	0.0002934478999999993	0.0017360019000000123	7.084820000004125e-05	0.0019944427000000257	0.0010351344000000464	7.558099999999774e-05	0.0005821372000000205	0.00030452200000004445	0.0006289047000000361	0.0013778087000000426	0.003764793600000019	0.00010605789999999565	1.5375400000018223e-05
5.8222000000026156e-05	0.0001546540000002452	-0.002765305999999812	-0.0011951009999997637	-0.00022393100000000794	6.403500000000048e-05	0.0003595660000001383	0.00013624499999986134	0.000511822000000316	0.0026778839999999117	0.00042084200000010435	-0.0058250470000000215	-0.0007913539999996558	0.0008834550000000503	0.0060494900000002605	-0.00041006899999989146	-0.0014313329999997336	0.00012660100000023294	-7.427999999972106e-05	7.189700000013576e-05	0.00015239400000006	0.0006463440000001233	0.0005170860000000988	0.001997967000000149	0.0003275500000003489	8.807100000023452e-05
8.448199999972188e-05	0.0003005989999998364	0.0012841190000001173	0.00026184399999965285	-0.0007155550000003666	-0.00022566900000000212	-0.00025851399999994844	3.3675999999661574e-05	-0.0006702789999998935	-0.00012409800000004294	0.00021353299999992293	-0.005660398000000141	-0.0008148220000000995	0.0005078170000000562	0.0037171909999996486	-0.00044562500000017245	-0.003379214000000198	-0.0009752260000001371	-0.00013263000000021154	-0.00048585200000000363	-0.0001557520000000862	-2.7551000000283418e-05	-0.000903019999999935	-0.0019881609999999753	0.00016626299999961125	5.735800000000908e-05
1.1096199999962274e-05	9.344669999998838e-05	0.003920140699999994	0.001448119999999985	-0.00037026390000007665	-0.00024727560000010985	-0.0005537122000000988	-9.874350000000872e-05	-0.0011515904000000915	-0.002911113700000017	-0.0002463635999999864	0.0010122385999999971	0.00010366619999991927	-0.00041250790000008824	-0.002647503300000055	4.270199999942834e-06	-0.0016633603000000682	-0.0010343864000000944	-3.3969500000033794e-05	-0.00046543960000001387	-0.0002743034999999844	-0.0006371078000000471	-0.0012896640000000512	-0.0037228949000000806	-0.00019704330000004482	-4.235529999998969e-05
-7.962299999994711e-05	-0.00023451000000023706	0.002182072000000133	0.001031636000000248	0.000424944000000085	2.3686999999785428e-05	-0.00019434899999992532	-0.00011236999999985134	-0.00039114999999991917	-0.0025540620000001754	-0.00044271100000021525	0.006706550000000174	0.0009336559999998176	-0.000844696000000208	-0.005902089000000199	0.0004349039999998602	0.001792796999999769	1.6400000000063066e-05	0.0001110580000001065	0.00011067599999989818	-7.0009999999978e-05	-0.0004979190000001417	-0.00020791899999991238	-0.0012567839999998382	-0.0003546350000000007	-9.917400000021299e-05
-8.579899999998884e-05	-0.0003149979999999804	-0.0019793349999996804	-0.0005203039999996002	0.0007771469999999373	0.0002829960000003519	0.000416166000000032	8.12799999993976e-06	0.0007573880000000689	0.0005469180000002667	-0.0001549359999997689	0.005027451000000262	0.0007430279999999859	-0.0003032729999996684	-0.002390853999999741	0.0003626680000003201	0.0031084190000002076	0.0009973809999999726	0.00013959500000002793	0.0005956439999999646	0.00022778400000022462	0.00023389100000032522	0.0011277720000002402	0.0026417660000001416	-0.0001294769999999083	-4.9275999999668675e-05
-5.510000000209271e-07	-5.7826999999978194e-05	-0.003892079999999947	-0.0014652069999999864	0.00029130899999995903	0.00023962099999992647	0.0005924719999999271	0.0001274310000000335	0.001004721999999967	0.0029098060000000273	0.0002936880000000211	-0.002136177000000019	-0.0002536660000000484	0.0006035219999999547	0.003941392999999983	-0.00013107099999999	0.0008081529999999677	0.0008075839999999916	1.967999999996726e-05	0.00044521299999994847	0.00028479200000000593	0.0007366229999999647	0.0012181390000000282	0.0035963549999999613	0.00022549700000003888	5.12700000000494e-05
8.044500000002359e-05	0.00024832299999968683	-0.0014127550000003503	-0.0007438280000000418	-0.0004870510000003084	-5.755499999987243e-05	0.00013718799999977958	0.00011174499999963821	7.414899999991925e-05	0.0018851719999998275	0.0003999080000000521	-0.006746110000000393	-0.0009380120000000844	0.0008584519999997771	0.005990949999999987	-0.0004922670000003914	-0.002525521000000053	-0.00033924899999989745	-0.00011408500000004585	-0.00017141100000007438	3.7271999999712556e-05	0.0004466549999998515	-3.719700000001224e-05	0.0005386899999996423	0.00031208299999970195	8.966500000004516e-05
6.635999999992596e-05	0.00026013000000005065	0.0026779549999999533	0.0008347359999998907	-0.0006850530000001654	-0.0002752560000001086	-0.0004390729999999526	-2.1326999999999804e-05	-0.000990697999999951	-0.0013776860000001292	4.4636000000048814e-05	-0.0036330110000001837	-0.0005426130000001214	0.00017570299999983795	0.001459869999999926	-0.0003158930000001989	-0.003154180000000098	-0.0011569920000000346	-0.00011169500000010905	-0.0005627030000000767	-0.00023718100000018946	-0.00031076900000012774	-0.00123039000000019	-0.0031020229999999607	3.320399999981287e-05	2.285500000001996e-05
-9.99139999999666e-05	-0.00026211799999931694	0.004973493000000762	0.002136914000000706	0.00036856899999983435	-0.00010093599999978602	-0.0005576019999995342	-0.00020407099999967572	-0.0011168640000000247	-0.004923122999999285	-0.0007198799999998898	0.009488963999999822	0.001300253000000376	-0.0013539539999991683	-0.009329570999999865	0.0005884240000006251	0.0015594060000006984	-0.0005089759999999787	0.0001293710000000066	-0.000102433999999655	-0.00024070900000007847	-0.0010084329999998295	-0.0009586779999991475	-0.0036397390000000255	-0.0005754310000000672	-0.0001541729999991314
-0.0001410429999995546	-0.00048048699999975707	-0.0006586770000000658	0.00012261400000033486	-0.0005332699999996155	-5.142999999398906e-06	0.0003033070000008336	-6.641799999958578e-05	0.000549974000000307	-0.0010679769999995606	-0.00044895999999931477	0.009622529000000634	0.0013836860000002778	-0.0008747309999999984	-0.006389763999999857	0.0006674580000005405	0.004458525000000223	0.0010679380000005838	0.00021734900000017904	0.0006907410000000971	0.000190380000000389	-8.627199999961671e-05	0.0010438680000002688	0.0019482090000001295	-0.0003642509999993073	-0.0001155139999994316
-6.768100000012272e-05	-0.0002678050000000116	-0.002904680000000127	-0.0009166390000002141	-0.0006039020000001981	-0.0001955170000000287	-0.00023283300000005334	2.5246000000006975e-05	0.0009505429999999405	0.0014437860000000098	-2.092900000007225e-05	0.0032392159999999914	0.0004994249999998703	-3.71270000000209e-05	-0.0005649340000001609	0.00024459599999983404	0.002757448999999928	0.0010735389999999415	0.0001165069999999632	0.0006209149999998717	0.00027636199999980923	0.00043355499999988374	0.0013089319999997945	0.0033233879999998678	-2.3764000000128273e-05	-2.1008000000244473e-05
2.5017999999942236e-05	2.9284000000026535e-05	-0.0037721909999999725	-0.0014872439999999952	-0.000392246999999981	-0.00028019900000003563	-0.0006454680000000457	-0.00012099199999993137	0.0008899959999999888	0.003090050999999985	0.0003766689999999944	-0.003932909999999836	-0.0005105199999999891	0.000778409000000153	0.00520572599999996	-0.00026225899999989194	-7.06989999998812e-05	0.0005936079999999144	-1.9474999999973246e-05	0.00032382500000005445	0.00025335000000003714	0.0007641040000001213	0.0010287419999999397	0.0032426770000000397	0.0002914990000001485	7.220400000010167e-05
8.479000000000906e-05	0.00027765300000012587	-0.0003825890000001917	-0.00036704399999996484	0.00029404699999988765	-3.561000000028205e-05	-0.00030140000000021365	-0.000123707999999975	-0.00021966400000014447	0.001147035000000139	0.00033883899999990943	-0.00653663800000029	-0.0009200970000001118	0.0007460259999998243	0.005276284999999859	-0.0004894640000003159	-0.0029465380000000003	-0.0006032839999997944	-0.00012539400000006855	-0.0003032680000002305	-3.8893999999845e-05	0.0002712269999999989	-0.0003845920000002112	-0.00045318400000000057	0.00026438399999980343	7.979400000013119e-05
4.459209999990439e-05	0.00019873239999991456	0.0034631755999999718	0.0011878624000000052	0.0006853409999999904	0.0002639826999998999	0.0004136018999999994	2.0168399999934746e-05	-0.0011340634000000865	-0.0022066405000000008	-9.20600000000975e-05	-0.0016510061999999877	-0.0002698436999999806	-9.808810000005801e-05	-0.0004332775000000439	-0.00018215309999998247	-0.0026446761000000654	-0.0011748751000000587	-8.245040000000097e-05	-0.0005570936000000532	-0.00027264240000002987	-0.0004924129000001012	-0.0013461140000000022	-0.003619648100000052	-7.475400000007677e-05	-6.765700000027283e-06
-5.0533999999954546e-05	-0.0001191460000002061	0.0034488669999998677	0.0014325419999999985	0.0003422010000001365	0.000282347999999797	0.0006972830000000858	0.00014925700000001808	-0.0008266969999998122	-0.0032077969999998223	-0.0004326799999998564	0.005246007999999843	0.0007111940000001198	-0.0008071140000001078	-0.005518913999999855	0.00031515599999978276	0.0004985559999998732	-0.0004791030000001915	6.126699999978516e-05	-0.00015247000000008157	-0.00018548900000009156	-0.000669905999999866	-0.00077624300000008	-0.002702195000000131	-0.00034549800000008117	-9.038999999985871e-05
-9.378699999994591e-05	-0.00031912099999966033	-0.0004114679999999392	9.152700000030281e-05	-0.00035041500000005787	-1.2889999999451604e-06	0.00023083199999986322	0.00011858200000007448	0.00035791400000012574	-0.0007308599999999261	-0.0003004480000001145	0.006409980000000176	0.0009214649999999582	-0.0005847420000000504	-0.004269107999999673	0.00044408499999982077	0.0029547939999998623	0.000703349000000025	0.0001444150000002838	0.00045654299999980594	0.0001248560000001583	-6.162600000019381e-05	0.0006858449999998196	0.0012709960000000789	-0.00024375800000003833	-7.71650000001194e-05
-3.662589999997134e-05	-0.00017672629999993948	-0.003782787099999935	-0.0013291849999999387	-0.0006148298999999628	-0.0002684067999999542	-0.000461851599999958	-3.737059999994741e-05	0.0010895818000000387	0.0024423283000000336	0.0001560341000000486	0.0005359803000000641	0.00012515050000003864	0.00031908330000001697	0.001911026000000007	6.000640000001925e-05	0.001966750300000055	0.0010448431000000642	7.366330000000603e-05	0.0005861649000000514	0.000309910900000041	0.0006492857000000348	0.0013984441000000495	0.0038384293999999992	0.00011612920000001999	1.803190000005566e-05
5.6747999999736017e-05	0.00014802799999983317	-0.0028836719999998824	-0.0012358290000000867	-0.0001547680000000065	-0.00021937400000021905	-0.0006035559999999001	-0.0001435570000000259	0.0005479039999999047	0.002751632000000024	0.00042444300000013535	-0.005781116999999916	-0.0007836660000001263	0.0008899500000001184	0.006084964999999998	-0.00040582900000002853	-0.0013545040000002232	0.00016296599999966657	-7.149500000000735e-05	9.138399999989843e-05	0.00016219199999983197	0.0006652859999998952	0.0005627960000001387	0.002121196000000195	0.0003302469999999806	8.834599999967777e-05
0.00011484100000060289	0.0003575690000004201	-0.0018033649999997167	-0.0009814340000001594	0.00022033599999973612	-0.00014534999999925823	-0.0006064919999993357	-0.00019734200000032578	4.967700000056002e-05	0.002530292000000288	0.0005548100000002821	-0.009515341000000243	-0.001325329999999486	0.0011934660000003337	0.008343108999999847	-0.0006962019999997432	-0.003654228999999589	-0.0005299659999995904	-0.00016387699999960426	-0.00026868300000018955	3.786200000006554e-05	0.0005981170000002745	-0.000119726999999294	0.0005720710000004826	0.00043306700000058686	0.00012516499999968254
0.00014204100000033727	0.000525035999999774	0.0035238610000007473	0.0009545660000008331	0.001063279000000552	0.00025361400000055434	0.00013590700000077824	-0.00011076399999998023	0.00026807900000021777	-0.001237407000000178	0.00025612200000072437	-0.008779331999999532	-0.0012819579999997534	0.00064866000000041	0.004908847999999947	-0.0007072099999995592	-0.005992729999999922	-0.0019312860000000962	-0.0002294829999996157	-0.0009702940000002203	-0.00036005900000022836	-0.0002992199999991667	-0.0019442919999999517	-0.004602077999999506	0.0001999119999998144	7.82879999998605e-05
5.411020000001417e-05	0.0002664572999999784	0.005961588699999996	0.002104336300000033	0.0010640126000000113	0.0004505047999999888	0.0007700498000000013	6.511800000003694e-05	0.0014655020999999916	0.0022048625999999956	-3.453700000000234e-05	-0.0010489836000000129	-0.0002135681000000185	-0.0003845905999999647	-0.0022615975999999596	-0.000166145500000013	-0.0036053306999999668	-0.0018001038000000247	-0.00010843049999996674	-0.0008740287000000237	-0.0004576152999999963	-0.0009243245999999891	-0.0021825604999999968	-0.006015458099999966	-0.00019334619999997226	-3.160350000001465e-05
4.8598000000317845e-05	0.00038785400000029575	0.015680450000000058	0.005781295000000181	0.0024379860000001705	0.001198029000000424	0.002299994000000134	0.00029849400000011607	0.004348254000000333	0.008603642000000076	0.0003700150000003448	0.004149387000000138	0.0004178790000001261	-0.00174510599999973	-0.011186452999999976	7.386500000029512e-05	-0.006247922999999805	-0.004011575999999704	-0.00014416399999987728	-0.0019096179999995074	-0.0011250069999999045	-0.0026325989999998	-0.005183569999999533	-0.014931086999999905	-0.0007761219999996962	-0.00016570400000000176
1.645799999972289e-05	0.0002140589999997727	0.011059955999999545	0.004124601999999969	0.0016700279999995113	0.0008522069999997942	0.0016799789999996477	0.0002349559999998644	0.0031284580000000414	0.006491164999999953	0.00033391299999975185	0.0034331359999995167	0.0004715659999998418	-0.001344798000000192	-0.00872007500000039	0.00013331699999974325	-0.003901742000000344	-0.0027236310000004543	-7.448100000032737e-05	-0.0012668460000003984	-0.0007737149999999899	-0.001876552000000119	-0.003550253000000024	-0.010362102000000331	-0.0005983030000003987	-0.0001325780000003109
-0.0001307729999999339	-0.000587945999999933	-0.010513447999999807	-0.003618032999999968	-0.0018805610000000375	-0.0007568629999999982	-0.0012161969999998192	-6.52579999998841e-05	-0.00262293299999988	-0.003597362999999891	0.00013273500000006303	-0.009947917999999806	-0.0014899449999998277	0.0004492269999999826	0.0031649960000000306	0.0003752250000001265	0.006815159000000091	0.003227802000000117	0.0002471060000001045	0.0017302470000000688	0.0008702750000001312	0.0016832320000000935	0.004058952999999967	0.010943733000000018	0.00024003100000018554	2.458400000010432e-05
-0.00016173400000014417	-0.0007578819999999381	-0.01513902700000006	-0.005279729000000137	-0.002634342000000045	-0.0011006680000001765	-0.0018374430000000488	-0.00013038700000006682	-0.0038680999999999503	-0.005808661000000119	8.262000000000633e-05	-0.01272087000000002	-0.001927293999999947	0.0004059050000000501	0.003821552999999894	0.0004194579999999967	0.0090621339999999	0.004490570999999893	0.00031525199999999547	0.00237198999999982	0.001223573999999995	0.002452856999999892	0.005686843999999961	0.015506148999999875	0.0004215079999999368	5.8816000000037894e-05
-2.808200000011321e-05	-0.00018125090000002588	-0.006080834500000076	-0.0022176382000000314	-0.0009179783000000559	-0.0004476889000001058	-0.0008465956000000769	-0.00010245440000011016	-0.0017449273000000537	-0.0034264080000000812	-0.00014680160000007697	-0.0024954716000001086	-0.00041333060000011855	-0.00019008430000012314	-0.0009126895000000307	-3.107260000001369e-05	0.0023771514999998767	0.0015220808999999186	7.109159999997127e-05	0.0007989973999999002	0.0004600768999999641	0.0010627565999999614	0.002064991699999896	0.005877671099999923	0.00027459769999990387	5.6119599999921365e-05
8.659499999984395e-05	0.00022305799999926788	-0.004596896999999826	-0.0019598860000007417	-0.0002733450000006431	-0.0003520760000002513	-0.000954210000000304	-0.00022373799999980334	-0.0018967570000001568	-0.005849749999999867	-0.0006455980000000684	0.005867096999999507	0.0007589629999991965	-0.0011814220000005374	-0.007890408000000518	0.00030792299999951936	-0.0011204589999997544	0.00030916700000018643	-0.00010839200000013413	0.00015798899999992962	0.00025880199999977344	0.0010407210000002668	0.0009201480000002333	0.003418196999999904	0.0005154109999992024	0.00013742599999926226
0.00013154500000021017	0.00044860800000007077	0.0006475910000001278	-0.00010173199999964112	0.0006236300000006783	3.746100000080049e-05	-0.0002773889999998797	-0.00016320299999991218	-0.0005444329999998963	-0.003663064999999844	-0.0006406329999993077	0.009759215000000685	0.001358660000000747	-0.001228985999999349	-0.008587380999999132	0.0006367620000008976	0.0026633370000010096	4.870300000098249e-05	-0.0002003779999999039	-0.0006090859999989453	-0.00014889099999898688	0.00019364400000057395	-0.00098407199999981	-0.0018482679999996202	0.0003377590000004302	0.00010728900000085521
9.136300000019918e-05	0.00033661700000000606	0.0021905169999999986	0.0005853190000000216	0.0006802969999998706	0.00015909099999997147	7.768199999978829e-05	-7.292600000003563e-05	0.0001376430000001299	-0.0014117559999997885	-0.0003752329999999861	0.00707523699999997	0.0010061050000000245	-0.0007295410000001008	-0.005230593000000181	0.00048250399999993747	0.0028347030000001796	0.0005356830000001651	-0.00014711300000023672	-0.0006134909999997752	-0.0002244710000000186	-0.00017202400000022704	-0.0012268499999999695	-0.0028899269999998253	0.00013302699999981783	5.136800000009149e-05
1.5732300000023268e-05	0.00010847900000003044	0.003888898699999971	0.0014241578000000145	0.0006477955999999933	0.0003037921999999763	0.0005680483999999895	6.938609999998274e-05	0.0010096182000000377	0.0018550771000000379	5.124630000002484e-05	0.002144939400000007	0.00034815199999999307	0.00010885890000003845	0.00044838179999997444	0.000169604999999986	0.002440502900000015	0.001064344699999977	-4.069790000000412e-05	-0.0004796331999999676	-0.0002747071999999813	-0.0006166006999999913	-0.0013074634000000195	-0.0037381211999999706	-0.00018198470000002382	-3.7854900000020724e-05
-8.242899999990217e-05	-0.0002572779999996831	0.00125073700000004	0.0006880489999999033	-7.678999999999152e-05	0.00012268600000015558	0.0004539350000000355	0.00014169300000020993	0.0006977440000001953	0.0029148900000002583	0.0004068409999998879	-0.0050276469999998045	-0.0006716679999999812	0.0008493990000002808	0.005756853999999939	-0.00034760200000002236	-0.0008165309999999927	0.0003479019999999078	0.00011961399999985394	0.0002255580000001204	-1.824999999754974e-06	-0.0003358759999999312	9.947600000019888e-05	-0.00037073399999985705	-0.00030830899999992854	-8.926099999981632e-05
-9.293399999966805e-05	-0.0003501339999997712	-0.00276563100000014	-0.0007978550000000252	-0.0006805459999996346	-0.00018116699999990576	-0.00013703299999985683	6.276099999999538e-05	-0.00044877599999983316	0.0005761350000001815	0.0002922830000002142	-0.006391881999999959	-0.0009087259999996863	0.0006606130000002446	0.004734824999999901	-0.0004886230000000985	-0.003282065000000025	-0.0008102919999997691	0.00015388699999994895	0.0007108320000003736	0.0002880730000002314	0.0003555600000000993	0.0014156160000000856	0.003435114000000178	-0.00010397100000012708	-4.5106999999847304e-05
-3.959900000000951e-06	-6.57312999998794e-05	-0.003650216999999926	-0.0013651000999999829	-0.00048541459999988656	-0.00026657479999998325	-0.0005413367999999516	-7.881369999988494e-05	-0.001142646500000002	-0.0025357690999999564	-0.00016391949999997654	-0.00041400219999998826	-9.65720999999628e-05	-0.00024576609999993446	-0.0014718294999999516	-9.497959999995643e-05	-0.0021870687999999967	-0.00110971530000001	2.3594700000083768e-05	0.0004311603000000633	0.00026943490000010703	0.0006813432000000107	0.001162900500000061	0.0034055716000000783	0.00020165360000001646	4.505060000002388e-05
8.457400000000479e-05	0.0002765089999996013	-0.0004118310000000066	-0.00037749500000027175	0.0002891699999997511	-3.778800000014439e-05	-0.00030527500000045085	-0.0001240909999999625	-0.0006053220000002161	-0.0029276350000002893	-0.00044954400000045067	0.006192521999999674	0.0008526759999997633	-0.0008520240000000918	-0.005893927000000178	0.0003912110000000007	0.0012374879999996376	-0.0002147690000001883	-0.00012493200000017989	-0.000299132999999948	-3.664999999992112e-05	0.0002760210000000334	-0.00037417600000030655	-0.0004241419999999286	0.00026547300000000565	7.99919999997737e-05
7.337199999993401e-05	0.000292701999999841	0.0033143899999998807	0.0010561339999998285	0.0007740409999998257	0.0002483620000000189	0.0003059149999997909	-2.236299999998012e-05	0.0005596140000000056	-0.00016207300000009063	-0.0002443829999999804	0.006017736999999854	0.0008742959999998392	-0.000478442000000068	-0.0035732380000000666	0.00042459099999997765	0.003149013000000036	0.0008699029999998829	-0.0001250980000001129	-0.0006606420000000745	-0.000286671000000033	-0.0004052559999999871	-0.0014707280000000704	-0.003755925000000133	1.609200000004694e-05	2.0570999999984865e-05
-2.499000000016254e-05	-3.526399999998408e-05	0.003349825999999828	0.0013280649999999417	0.00042550400000001577	0.00027097799999996385	0.0006067959999999642	0.00011227199999980925	0.0010457319999998137	0.002659225999999764	0.0002214320000000188	-0.0007414510000002157	-5.583300000013957e-05	0.0004559119999998336	0.0028869069999999664	-3.220700000016461e-05	0.0014041579999998994	0.0009279389999997849	2.3260999999807127e-05	-0.00024802800000005244	-0.00020026700000002218	-0.0005984750000000909	-0.0008971570000001605	-0.0028536190000000012	-0.00026679100000005177	-6.656600000024123e-05
-0.0001234339999992267	-0.00038461299999991046	0.0019181740000008812	0.001047377000000559	-0.00010908199999954543	0.00018704900000090542	0.0006866290000006985	0.00021322500000017786	0.0010591290000008715	0.0043973670000002196	0.0006114410000003772	-0.007526256999999727	-0.001004961000000042	0.001275422000000066	0.008641858000000028	-0.000519560999999967	-0.0011965729999994113	0.000534662999999904	-7.341999999936275e-05	0.00029494100000086905	-6.009000000058509e-06	-0.0005114309999999268	0.0001348410000009178	-0.0005969039999992667	-0.00046431999999973876	-0.00013426699999974194
-0.00015945400000058098	-0.0005863150000001618	-0.0037416659999999716	-0.0009907720000001431	-0.0010290489999996346	-0.00023508499999956578	-8.038899999992209e-05	0.00013094200000001756	-0.0004660560000001746	0.001663868000000273	0.0005446780000000016	-0.010835349999999523	-0.001529073999999818	0.0012068790000002976	0.00856274100000001	-0.0008158090000006009	-0.005059316999999567	-0.0010960829999997947	-0.00021301900000013363	-0.0005504729999996141	-9.059000000014375e-05	0.00039338000000022424	0.002115629999999884	0.004967910999999648	-0.00023693999999974298	-9.073799999998605e-05
2.3204000000197518e-05	3.152100000014101e-05	-0.0031956639999998937	-0.0012652169999999145	-0.0003220489999997784	-0.00023703099999997567	-0.0005519739999999048	-0.00010519799999994051	-0.0011413289999998456	-0.0030197259999999106	-0.00027487999999993053	0.0015439890000001227	0.00017876400000012933	-0.00047129699999988667	-0.0030650169999997816	4.210500000007911e-05	-0.0014437509999998786	-0.0009933619999998229	-2.3596999999874e-05	-0.0004407159999997843	-0.00027112299999992656	-0.0006584429999999708	0.0008595560000001904	0.0027279260000000975	0.00025268499999998384	6.294000000003908e-05
9.244199999989926e-05	0.0003167060000000945	0.0005559190000004044	-3.349399999973829e-05	0.0004540459999999172	3.4398999999916795e-05	-0.00017884499999985988	-0.00011233000000001117	-0.00035523999999975166	-0.0025171929999998283	-0.0004473049999999647	0.006890518000000055	0.0009606610000003311	-0.0008572019999998929	-0.005998257999999951	0.00045005600000013954	0.001927093000000154	6.143299999998922e-05	0.0001160670000003661	0.0001329749999999172	-6.138799999962693e-05	-0.0004893829999997722	-0.0007230219999999118	-0.001391894999999677	0.00023147400000011684	7.405600000039928e-05
5.3133000000086215e-05	0.00023080400000008352	0.003709976000000018	0.0012584120000000009	0.0007555600000000277	0.00028222999999997036	0.00042758000000004174	1.4335000000047357e-05	0.0007779230000000078	0.0006820779999999911	-0.0001315159999999737	0.00467379900000002	0.000693944000000065	-0.00025758099999999024	-0.0020725409999999963	0.00033926000000004323	0.0030117190000000836	0.000996178000000009	0.00013389300000007085	0.0005907969999999793	0.0002320130000000773	0.0002615010000000476	-0.0014739109999999827	-0.003928542999999965	-6.476899999999491e-05	-2.5219999999243504e-06
-5.0645999999615436e-05	-0.00012987399999951459	0.0027291510000000815	0.0011616200000004072	0.0002442960000004907	0.0002285110000001386	0.000587204000000079	0.00013275200000037457	0.0009873480000000554	0.002990340000000183	0.00031837200000026794	-0.0026207949999995867	-0.0003223599999999452	0.0006551680000003177	0.004309993000000019	-0.00016606699999952707	0.0005935340000002643	0.0007625480000000504	9.876000000436091e-06	0.0004192820000003747	0.00028003400000015284	0.000752133000000467	-0.0005509139999998035	-0.0020370139999998163	-0.00030382699999984	-8.091799999965146e-05
-0.00010246499999985639	-0.00036072200000018123	-0.0012888460000003111	-0.00021628699999997735	-0.0005065500000001315	-6.669500000021367e-05	0.00012052899999999249	0.00011000799999996529	3.7307000000114804e-05	0.0018162759999999518	0.0003975320000000051	-0.00681002699999989	-0.0009481710000003654	0.0008568500000001068	0.005987709000000144	-0.0004990630000001241	-0.002616008999999954	-0.00037810700000010314	-0.00011690099999996095	-0.00018955200000001123	2.8590000000143327e-05	0.0004316469999997557	0.0010112969999999865	0.0021630589999997773	-0.00021734499999997818	-7.314300000036116e-05
-4.4102599999990087e-05	-0.0002024248000000357	-0.003833566600000088	-0.0013286630000000188	-0.0006539210000000421	-0.0002720147000000335	-0.0004487346000000853	-2.843849999998975e-05	-0.001005971800000058	-0.0015236364999999966	1.685439999994957e-05	-0.0031876432000001054	-0.00048048610000001003	0.00012056569999999221	0.001073824899999905	-0.0002856760000000786	-0.0030130544000000277	-0.0011453538999999934	-0.00010407099999999855	-0.0005522412999999914	-0.00024012230000010804	-0.0003405227000000772	0.0014587295999998805	0.003956336499999957	9.774580000000005e-05	1.2119399999896158e-05
5.888900000017988e-05	0.0001671949999997903	-0.00204837699999984	-0.0009266869999998003	-3.250500000022069e-05	-0.00015695099999984887	-0.00048143199999977574	-0.00012712000000000227	-0.000971171000000077	-0.0032791120000000068	-0.0003961549999999779	0.004177536999999871	0.0005553519999998511	-0.0007268069999999665	-0.004913084000000151	0.00023438199999977274	-0.0001525639999999228	-0.000677898000000024	3.3927999999847254e-05	-0.00026164300000013074	-0.00022440799999983666	-0.0006973270000001268	0.00028932899999987473	0.0013300840000002225	0.00028762700000006195	7.912499999987704e-05
9.09349999998494e-05	0.0003333170000001818	0.002060628000000002	0.0005375000000000605	0.0006599789999998506	0.00014916600000005643	5.8702000000276575e-05	-7.536199999984283e-05	0.00010180199999990352	-0.0014821030000001546	-0.0003781499999998229	0.007020147000000006	0.0009968720000001633	-0.000734567999999638	-0.005255865999999917	0.0004774499999998577	0.002753878000000048	0.0004988660000002608	0.00014218999999995874	0.00035573499999994214	5.7883999999858854e-05	-0.0002388140000000611	-0.0011837540000000013	-0.002765992000000107	0.00013938100000012409	5.271800000011817e-05
1.6131300000001036e-05	0.00010975389999998586	0.003884881400000029	0.0014215940000000104	0.0006469973999999735	0.0003029923999999846	0.0005657439999999736	6.872969999998182e-05	0.001009330900000031	0.001850775699999965	5.04869000000018e-05	0.0021547040000000264	0.00034924899999998714	0.00010560950000000385	0.0004273329999999716	0.00017109219999997673	0.002447180699999992	0.0010650850999999947	9.932910000003234e-05	0.000607463300000011	0.0002900919999999701	0.0005205093999999938	-0.0013085805999999978	-0.0037382036000000157	-0.0001806107999999761	-3.744990000001272e-05
-6.664300000031303e-05	-0.00020695899999995365	0.0010840399999997776	0.0005837160000000301	-6.887899999983519e-05	0.0001005120000001792	0.00037334399999972793	0.0001160419999999239	0.0006148960000001242	0.0025036780000001636	0.0003450980000000532	-0.0042274800000002355	-0.0005665819999999726	0.0007003510000001866	0.0047551899999998416	-0.0002821999999999547	-0.0006004920000000002	0.0003238409999997737	-4.3188000000251095e-05	0.00015582199999980648	0.00016730599999967202	0.0005891360000000569	5.7707999999694753e-05	-0.00036686200000004155	-0.0002535109999999901	-7.313499999995945e-05
-0.00012166099999991447	-0.00043937800000008916	-0.002300594999999684	-0.0005471339999997289	-0.0007761929999997377	-0.0001542770000000169	4.51100000018953e-06	0.00011193299999986278	-7.255399999978734e-05	0.0020355410000003895	0.0004917160000000994	-0.008885204999999757	-0.001253226000000069	0.0009946300000003398	0.007052243000000018	-0.0006212390000001492	-0.0034714639999996718	-0.0005887339999999285	-0.00017055700000001735	-0.0003813119999997649	-3.5711999999982896e-05	0.0003912359999999008	-0.0003658319999998204	-0.00014654999999988427	-0.00021310599999989441	-7.659999999966652e-05
-4.317239999998275e-05	-0.00024394779999999415	-0.006936046000000001	-0.002500324299999994	-0.0012054652999999996	-0.0005377200999999928	-0.0009665296999999718	-0.00010314189999997191	-0.001734844599999992	-0.0029033047000000018	-2.3322699999978004e-05	-0.004821775099999984	-0.0007575887000000027	-5.3063899999977434e-05	0.0001732706999999997	-0.0003721068999999901	-0.004628498299999981	-0.0018962969999999958	-0.00019164799999999116	-0.0010872854999999823	-0.0005004745999999846	-0.0008396473999999995	-0.0023496588999999913	-0.0060645820999999985	-5.916799999982399e-06	2.3817799999997324e-05
0.0	0.0	0.0	0.0	0.0	0.0	0.0	0.0	0.0	0.0	0.0	0.0	0.0	0.0	0.0	0.0	0.0	0.0	0.0	0.0	0.0	0.0	0.0	0.0	0.0	0.0
0.0	0.0	0.0	0.0	0.0	0.0	0.0	0.0	0.0	0.0	0.0	0.0	0.0	0.0	0.0	0.0	0.0	0.0	0.0	0.0	0.0	0.0	0.0	0.0	0.0	0.0
0.0	0.0	0.0	0.0	0.0	0.0	0.0	0.0	0.0	0.0	0.0	0.0	0.0	0.0	0.0	0.0	0.0	0.0	0.0	0.0	0.0	0.0	0.0	0.0	0.0	0.0
0.0	0.0	0.0	0.0	0.0	0.0	0.0	0.0	0.0	0.0	0.0	0.0	0.0	0.0	0.0	0.0	0.0	0.0	0.0	0.0	0.0	0.0	0.0	0.0	0.0	0.0
0.0	0.0	0.0	0.0	0.0	0.0	0.0	0.0	0.0	0.0	0.0	0.0	0.0	0.0	0.0	0.0	0.0	0.0	0.0	0.0	0.0	0.0	0.0	0.0	0.0	0.0
0.0	0.0	0.0	0.0	0.0	0.0	0.0	0.0	0.0	0.0	0.0	0.0	0.0	0.0	0.0	0.0	0.0	0.0	0.0	0.0	0.0	0.0	0.0	0.0	0.0	0.0
0.0	0.0	0.0	0.0	0.0	0.0	0.0	0.0	0.0	0.0	0.0	0.0	0.0	0.0	0.0	0.0	0.0	0.0	0.0	0.0	0.0	0.0	0.0	0.0	0.0	0.0
0.0	0.0	0.0	0.0	0.0	0.0	0.0	0.0	0.0	0.0	0.0	0.0	0.0	0.0	0.0	0.0	0.0	0.0	0.0	0.0	0.0	0.0	0.0	0.0	0.0	0.0
0.0	0.0	0.0	0.0	0.0	0.0	0.0	0.0	0.0	0.0	0.0	0.0	0.0	0.0	0.0	0.0	0.0	0.0	0.0	0.0	0.0	0.0	0.0	0.0	0.0	0.0
0.0	0.0	0.0	0.0	0.0	0.0	0.0	0.0	0.0	0.0	0.0	0.0	0.0	0.0	0.0	0.0	0.0	0.0	0.0	0.0	0.0	0.0	0.0	0.0	0.0	0.0
0.0	0.0	0.0	0.0	0.0	0.0	0.0	0.0	0.0	0.0	0.0	0.0	0.0	0.0	0.0	0.0	0.0	0.0	0.0	0.0	0.0	0.0	0.0	0.0	0.0	0.0
0.0	0.0	0.0	0.0	0.0	0.0	0.0	0.0	0.0	0.0	0.0	0.0	0.0	0.0	0.0	0.0	0.0	0.0	0.0	0.0	0.0	0.0	0.0	0.0	0.0	0.0
0.0	0.0	0.0	0.0	0.0	0.0	0.0	0.0	0.0	0.0	0.0	0.0	0.0	0.0	0.0	0.0	0.0	0.0	0.0	0.0	0.0	0.0	0.0	0.0	0.0	0.0
0.0	0.0	0.0	0.0	0.0	0.0	0.0	0.0	0.0	0.0	0.0	0.0	0.0	0.0	0.0	0.0	0.0	0.0	0.0	0.0	0.0	0.0	0.0	0.0	0.0	0.0
0.0	0.0	0.0	0.0	0.0	0.0	0.0	0.0	0.0	0.0	0.0	0.0	0.0	0.0	0.0	0.0	0.0	0.0	0.0	0.0	0.0	0.0	0.0	0.0	0.0	0.0
0.0	0.0	0.0	0.0	0.0	0.0	0.0	0.0	0.0	0.0	0.0	0.0	0.0	0.0	0.0	0.0	0.0	0.0	0.0	0.0	0.0	0.0	0.0	0.0	0.0	0.0
0.0	0.0	0.0	0.0	0.0	0.0	0.0	0.0	0.0	0.0	0.0	0.0	0.0	0.0	0.0	0.0	0.0	0.0	0.0	0.0	0.0	0.0	0.0	0.0	0.0	0.0
0.0	0.0	0.0	0.0	0.0	0.0	0.0	0.0	0.0	0.0	0.0	0.0	0.0	0.0	0.0	0.0	0.0	0.0	0.0	0.0	0.0	0.0	0.0	0.0	0.0	0.0
0.0	0.0	0.0	0.0	0.0	0.0	0.0	0.0	0.0	0.0	0.0	0.0	0.0	0.0	0.0	0.0	0.0	0.0	0.0	0.0	0.0	0.0	0.0	0.0	0.0	0.0
0.0	0.0	0.0	0.0	0.0	0.0	0.0	0.0	0.0	0.0	0.0	0.0	0.0	0.0	0.0	0.0	0.0	0.0	0.0	0.0	0.0	0.0	0.0	0.0	0.0	0.0
0.0	0.0	0.0	0.0	0.0	0.0	0.0	0.0	0.0	0.0	0.0	0.0	0.0	0.0	0.0	0.0	0.0	0.0	0.0	0.0	0.0	0.0	0.0	0.0	0.0	0.0
0.0	0.0	0.0	0.0	0.0	0.0	0.0	0.0	0.0	0.0	0.0	0.0	0.0	0.0	0.0	0.0	0.0	0.0	0.0	0.0	0.0	0.0	0.0	0.0	0.0	0.0
0.0	0.0	0.0	0.0	0.0	0.0	0.0	0.0	0.0	0.0	0.0	0.0	0.0	0.0	0.0	0.0	0.0	0.0	0.0	0.0	0.0	0.0	0.0	0.0	0.0	0.0
0.0	0.0	0.0	0.0	0.0	0.0	0.0	0.0	0.0	0.0	0.0	0.0	0.0	0.0	0.0	0.0	0.0	0.0	0.0	0.0	0.0	0.0	0.0	0.0	0.0	0.0
0.0	0.0	0.0	0.0	0.0	0.0	0.0	0.0	0.0	0.0	0.0	0.0	0.0	0.0	0.0	0.0	0.0	0.0	0.0	0.0	0.0	0.0	0.0	0.0	0.0	0.0
0.0	0.0	0.0	0.0	0.0	0.0	0.0	0.0	0.0	0.0	0.0	0.0	0.0	0.0	0.0	0.0	0.0	0.0	0.0	0.0	0.0	0.0	0.0	0.0	0.0	0.0
0.0	0.0	0.0	0.0	0.0	0.0	0.0	0.0	0.0	0.0	0.0	0.0	0.0	0.0	0.0	0.0	0.0	0.0	0.0	0.0	0.0	0.0	0.0	0.0	0.0	0.0
0.0	0.0	0.0	0.0	0.0	0.0	0.0	0.0	0.0	0.0	0.0	0.0	0.0	0.0	0.0	0.0	0.0	0.0	0.0	0.0	0.0	0.0	0.0	0.0	0.0	0.0
0.0	0.0	0.0	0.0	0.0	0.0	0.0	0.0	0.0	0.0	0.0	0.0	0.0	0.0	0.0	0.0	0.0	0.0	0.0	0.0	0.0	0.0	0.0	0.0	0.0	0.0
0.0	0.0	0.0	0.0	0.0	0.0	0.0	0.0	0.0	0.0	0.0	0.0	0.0	0.0	0.0	0.0	0.0	0.0	0.0	0.0	0.0	0.0	0.0	0.0	0.0	0.0
0.0	0.0	0.0	0.0	0.0	0.0	0.0	0.0	0.0	0.0	0.0	0.0	0.0	0.0	0.0	0.0	0.0	0.0	0.0	0.0	0.0	0.0	0.0	0.0	0.0	0.0
0.0	0.0	0.0	0.0	0.0	0.0	0.0	0.0	0.0	0.0	0.0	0.0	0.0	0.0	0.0	0.0	0.0	0.0	0.0	0.0	0.0	0.0	0.0	0.0	0.0	0.0
0.0	0.0	0.0	0.0	0.0	0.0	0.0	0.0	0.0	0.0	0.0	0.0	0.0	0.0	0.0	0.0	0.0	0.0	0.0	0.0	0.0	0.0	0.0	0.0	0.0	0.0
0.0	0.0	0.0	0.0	0.0	0.0	0.0	0.0	0.0	0.0	0.0	0.0	0.0	0.0	0.0	0.0	0.0	0.0	0.0	0.0	0.0	0.0	0.0	0.0	0.0	0.0
0.0	0.0	0.0	0.0	0.0	0.0	0.0	0.0	0.0	0.0	0.0	0.0	0.0	0.0	0.0	0.0	0.0	0.0	0.0	0.0	0.0	0.0	0.0	0.0	0.0	0.0
0.0	0.0	0.0	0.0	0.0	0.0	0.0	0.0	0.0	0.0	0.0	0.0	0.0	0.0	0.0	0.0	0.0	0.0	0.0	0.0	0.0	0.0	0.0	0.0	0.0	0.0
0.0	0.0	0.0	0.0	0.0	0.0	0.0	0.0	0.0	0.0	0.0	0.0	0.0	0.0	0.0	0.0	0.0	0.0	0.0	0.0	0.0	0.0	0.0	0.0	0.0	0.0
0.0	0.0	0.0	0.0	0.0	0.0	0.0	0.0	0.0	0.0	0.0	0.0	0.0	0.0	0.0	0.0	0.0	0.0	0.0	0.0	0.0	0.0	0.0	0.0	0.0	0.0
0.0	0.0	0.0	0.0	0.0	0.0	0.0	0.0	0.0	0.0	0.0	0.0	0.0	0.0	0.0	0.0	0.0	0.0	0.0	0.0	0.0	0.0	0.0	0.0	0.0	0.0
0.0	0.0	0.0	0.0	0.0	0.0	0.0	0.0	0.0	0.0	0.0	0.0	0.0	0.0	0.0	0.0	0.0	0.0	0.0	0.0	0.0	0.0	0.0	0.0	0.0	0.0
0.0	0.0	0.0	0.0	0.0	0.0	0.0	0.0	0.0	0.0	0.0	0.0	0.0	0.0	0.0	0.0	0.0	0.0	0.0	0.0	0.0	0.0	0.0	0.0	0.0	0.0
0.0	0.0	0.0	0.0	0.0	0.0	0.0	0.0	0.0	0.0	0.0	0.0	0.0	0.0	0.0	0.0	0.0	0.0	0.0	0.0	0.0	0.0	0.0	0.0	0.0	0.0
0.0	0.0	0.0	0.0	0.0	0.0	0.0	0.0	0.0	0.0	0.0	0.0	0.0	0.0	0.0	0.0	0.0	0.0	0.0	0.0	0.0	0.0	0.0	0.0	0.0	0.0
0.0	0.0	0.0	0.0	0.0	0.0	0.0	0.0	0.0	0.0	0.0	0.0	0.0	0.0	0.0	0.0	0.0	0.0	0.0	0.0	0.0	0.0	0.0	0.0	0.0	0.0
0.0	0.0	0.0	0.0	0.0	0.0	0.0	0.0	0.0	0.0	0.0	0.0	0.0	0.0	0.0	0.0	0.0	0.0	0.0	0.0	0.0	0.0	0.0	0.0	0.0	0.0
0.0	0.0	0.0	0.0	0.0	0.0	0.0	0.0	0.0	0.0	0.0	0.0	0.0	0.0	0.0	0.0	0.0	0.0	0.0	0.0	0.0	0.0	0.0	0.0	0.0	0.0
0.0	0.0	0.0	0.0	0.0	0.0	0.0	0.0	0.0	0.0	0.0	0.0	0.0	0.0	0.0	0.0	0.0	0.0	0.0	0.0	0.0	0.0	0.0	0.0	0.0	0.0
0.0	0.0	0.0	0.0	0.0	0.0	0.0	0.0	0.0	0.0	0.0	0.0	0.0	0.0	0.0	0.0	0.0	0.0	0.0	0.0	0.0	0.0	0.0	0.0	0.0	0.0
0.0	0.0	0.0	0.0	0.0	0.0	0.0	0.0	0.0	0.0	0.0	0.0	0.0	0.0	0.0	0.0	0.0	0.0	0.0	0.0	0.0	0.0	0.0	0.0	0.0	0.0
0.0	0.0	0.0	0.0	0.0	0.0	0.0	0.0	0.0	0.0	0.0	0.0	0.0	0.0	0.0	0.0	0.0	0.0	0.0	0.0	0.0	0.0	0.0	0.0	0.0	0.0
0.0	0.0	0.0	0.0	0.0	0.0	0.0	0.0	0.0	0.0	0.0	0.0	0.0	0.0	0.0	0.0	0.0	0.0	0.0	0.0	0.0	0.0	0.0	0.0	0.0	0.0
0.0	0.0	0.0	0.0	0.0	0.0	0.0	0.0	0.0	0.0	0.0	0.0	0.0	0.0	0.0	0.0	0.0	0.0	0.0	0.0	0.0	0.0	0.0	0.0	0.0	0.0
0.0	0.0	0.0	0.0	0.0	0.0	0.0	0.0	0.0	0.0	0.0	0.0	0.0	0.0	0.0	0.0	0.0	0.0	0.0	0.0	0.0	0.0	0.0	0.0	0.0	0.0
0.0	0.0	0.0	0.0	0.0	0.0	0.0	0.0	0.0	0.0	0.0	0.0	0.0	0.0	0.0	0.0	0.0	0.0	0.0	0.0	0.0	0.0	0.0	0.0	0.0	0.0
